#        Clock      Arrival Time(s)  BaseStation Number
---     --------    ---------------   -------
1	12:00:00	000.601		2
2	12:00:00	000.852		8
3	12:00:00	000.949		9
4	12:00:01	001.128		2
5	12:00:05	005.384		3
6	12:00:07	007.515		9
7	12:00:08	008.615		10
8	12:00:10	010.790		1
9	12:00:10	010.880		7
10	12:00:12	012.129		1
11	12:00:12	012.155		20
12	12:00:12	012.422		11
13	12:00:13	013.767		15
14	12:00:16	016.109		8
15	12:00:16	016.648		11
16	12:00:17	017.075		7
17	12:00:17	017.339		6
18	12:00:17	017.510		14
19	12:00:24	024.632		11
20	12:00:25	025.652		6
21	12:00:28	028.361		9
22	12:00:29	029.434		6
23	12:00:30	030.201		11
24	12:00:30	030.413		18
25	12:00:33	033.448		14
26	12:00:35	035.308		7
27	12:00:35	035.608		4
28	12:00:46	046.895		17
29	12:00:49	049.664		1
30	12:00:50	050.181		15
31	12:00:56	056.275		20
32	12:00:56	056.671		16
33	12:00:58	058.091		8
34	12:00:58	058.097		13
35	12:00:58	058.434		13
36	12:00:58	058.991		19
37	12:00:59	059.156		18
38	12:00:59	059.987		17
39	12:01:03	063.653		10
40	12:01:07	067.611		4
41	12:01:07	067.890		14
42	12:01:12	072.632		20
43	12:01:14	074.085		8
44	12:01:15	075.187		20
45	12:01:18	078.176		6
46	12:01:21	081.997		12
47	12:01:23	083.401		7
48	12:01:24	084.498		10
49	12:01:24	084.643		12
50	12:01:29	089.005		11
51	12:01:31	091.915		3
52	12:01:33	093.086		2
53	12:01:35	095.152		2
54	12:01:36	096.010		20
55	12:01:36	096.360		15
56	12:01:36	096.448		4
57	12:01:37	097.390		14
58	12:01:39	099.810		20
59	12:01:40	100.139		20
60	12:01:41	101.172		19
61	12:01:42	102.448		1
62	12:01:43	103.965		12
63	12:01:44	104.300		3
64	12:01:46	106.943		9
65	12:01:49	109.042		16
66	12:01:50	110.924		19
67	12:01:53	113.481		15
68	12:01:58	118.144		15
69	12:01:58	118.214		9
70	12:02:00	120.837		14
71	12:02:02	122.900		17
72	12:02:04	124.527		3
73	12:02:08	128.242		20
74	12:02:08	128.425		15
75	12:02:09	129.416		6
76	12:02:13	133.151		5
77	12:02:13	133.816		18
78	12:02:13	133.949		20
79	12:02:16	136.057		6
80	12:02:16	136.093		2
81	12:02:21	141.055		15
82	12:02:23	143.463		14
83	12:02:25	145.912		15
84	12:02:27	147.156		10
85	12:02:31	151.685		8
86	12:02:33	153.926		18
87	12:02:35	155.591		14
88	12:02:37	157.939		9
89	12:02:40	160.692		16
90	12:02:44	164.264		7
91	12:02:49	169.573		10
92	12:02:51	171.738		19
93	12:02:55	175.742		4
94	12:02:57	177.988		7
95	12:02:58	178.436		3
96	12:02:59	179.376		10
97	12:03:01	181.523		2
98	12:03:03	183.518		4
99	12:03:05	185.187		2
100	12:03:10	190.089		13
101	12:03:10	190.130		7
102	12:03:10	190.277		3
103	12:03:12	192.463		10
104	12:03:16	196.410		14
105	12:03:17	197.361		10
106	12:03:22	202.856		19
107	12:03:23	203.778		20
108	12:03:24	204.722		16
109	12:03:27	207.798		13
110	12:03:27	207.903		15
111	12:03:30	210.845		16
112	12:03:30	210.894		12
113	12:03:32	212.177		6
114	12:03:32	212.297		11
115	12:03:33	213.286		3
116	12:03:33	213.378		14
117	12:03:34	214.592		3
118	12:03:34	214.625		5
119	12:03:36	216.208		6
120	12:03:41	221.036		1
121	12:03:43	223.320		11
122	12:03:44	224.108		2
123	12:03:46	226.262		1
124	12:03:48	228.880		11
125	12:03:50	230.613		1
126	12:03:51	231.224		3
127	12:03:51	231.846		1
128	12:03:53	233.516		18
129	12:03:54	234.344		19
130	12:03:54	234.963		17
131	12:03:58	238.410		11
132	12:04:01	241.018		13
133	12:04:02	242.065		20
134	12:04:04	244.943		5
135	12:04:05	245.205		17
136	12:04:05	245.288		19
137	12:04:05	245.377		7
138	12:04:05	245.697		13
139	12:04:06	246.356		16
140	12:04:06	246.449		15
141	12:04:09	249.353		12
142	12:04:10	250.350		9
143	12:04:10	250.745		6
144	12:04:11	251.872		7
145	12:04:12	252.376		18
146	12:04:16	256.398		9
147	12:04:16	256.783		11
148	12:04:17	257.845		19
149	12:04:18	258.559		7
150	12:04:19	259.538		13
151	12:04:21	261.257		10
152	12:04:25	265.343		7
153	12:04:26	266.321		7
154	12:04:27	267.184		19
155	12:04:27	267.205		16
156	12:04:28	268.278		9
157	12:04:28	268.953		11
158	12:04:29	269.366		4
159	12:04:33	273.000		3
160	12:04:35	275.052		2
161	12:04:40	280.103		3
162	12:04:41	281.469		10
163	12:04:43	283.801		6
164	12:04:44	284.129		11
165	12:04:45	285.005		4
166	12:04:46	286.550		2
167	12:04:49	289.314		7
168	12:04:50	290.385		4
169	12:04:53	293.110		8
170	12:04:55	295.788		7
171	12:04:57	297.862		12
172	12:05:02	302.782		20
173	12:05:07	307.155		15
174	12:05:12	312.344		7
175	12:05:13	313.714		10
176	12:05:15	315.073		5
177	12:05:17	317.622		6
178	12:05:20	320.061		2
179	12:05:22	322.641		10
180	12:05:23	323.164		3
181	12:05:25	325.992		12
182	12:05:26	326.629		12
183	12:05:29	329.275		10
184	12:05:29	329.354		12
185	12:05:34	334.650		17
186	12:05:35	335.740		7
187	12:05:36	336.936		8
188	12:05:37	337.822		20
189	12:05:44	344.811		20
190	12:05:49	349.025		3
191	12:05:51	351.495		19
192	12:06:02	362.782		6
193	12:06:03	363.863		5
194	12:06:04	364.129		7
195	12:06:11	371.130		11
196	12:06:13	373.025		19
197	12:06:13	373.044		11
198	12:06:18	378.218		2
199	12:06:23	383.612		7
200	12:06:24	384.012		9
